750
1 
28 
62 
285 288 
144 146 
434 437 
105 108 
481 482 
22 
510 511 
156 157 
163 165 
116 117 
167 
76 79 
131 133 
60 
620 622 
298 
567 
118 119 
572 573 
52 53 
604 
243 244 
343 344 
49 51 
99 101 
382 383 
668 670 
21 
370 
20 26 
433 
102 104 
168 169 
91 93 
455 458 
19 
145 
153 155 
138 143 
652 
615 617 
87 
384 385 
191 195 
74 
291 295 
259 262 
125 
15 18 
605 
129 130 
223 224 
90 
387 
111 
409 410 
286 
43 
200 204 
275 
335 336 
96 97 
579 580 
126 128 
139 
428 432 
31 32 
635 636 
34 
675 676 
149 
112 
470 471 
249 250 
365 366 
339 341 
173 175 
121 
189 
0 2 
505 
509 
132 
260 
151 152 
759 760 
548 552 
225 
141 
345 350 
401 402 
422 424 
64 65 
753 758 
476 478 
193 
36 37 
673 674 
170 
201 
618 619 
528 529 
202 
206 207 
203 
793 794 
246 248 
321 322 
198 199 
171 172 
479 
228 
17 
270 271 
113 
236 237 
735 737 
284 
330 331 
464 465 
300 
208 
181 
512 513 
272 
614 
834 835 
368 371 
214 215 
704 
442 
238 242 
281 
294 
602 
800 801 
697 698 
5 
39 
467 
231 234 
258 
66 67 
857 858 
644 
393 
211 
196 
94 95 
229 
252 253 
292 
245 
543 544 
273 280 
222 
240 
411 
553 558 
795 796 
310 318 
241 
219 
179 
134 137 
263 264 
251 
296 
497 
92 
54 55 
13 
279 
266 269 
180 182 
413 414 
519 
305 
320 
267 
813 814 
324 327 
451 
312 
299 
277 
247 
415 417 
114 115 
302 
472 
106 
403 405 
337 338 
826 
435 
899 
853 856 
450 
301 
695 696 
313 
912 915 
57 58 
297 304 
364 
352 
329 
459 461 
348 
357 
323 
474 475 
496 498 
406 
340 
372 373 
317 
361 
508 
46 47 
254 
855 
628 630 
27 30 
367 
328 
347 
159 
536 
447 449 
154 
158 160 
516 
218 221 
624 625 
394 395 
837 838 
924 
103 
353 355 
59 61 
638 
477 
491 
362 
391 
38 
416 
430 
506 
958 960 
919 920 
423 
677 
993 995 
120 
377 
358 
127 
25 
351 
75 
375 376 
609 612 
490 492 
884 885 
452 454 
404 
663 
539 
390 392 
398 399 
426 427 
378 
412 
418 419 
586 587 
588 
389 
80 82 
429 
466 469 
438 443 
493 
425 
489 
421 
456 
73 
446 
205 
597 
35 
538 
985 988 
400 
441 
485 
457 
217 
714 715 
448 
937 940 
651 653 
71 72 
779 
436 
840 841 
823 
41 
356 
499 
462 
359 363 
178 
502 
289 290 
140 
861 862 
712 
468 
873 876 
233 
488 
537 542 
923 
719 
494 495 
314 
521 522 
463 
520 
504 
515 
530 
24 
799 
525 527 
484 487 
565 
523 524 
7 
606 
533 
550 
360 
871 872 
147 150 
581 582 
562 563 
261 
77 
641 
564 566 
386 388 
517 518 
740 744 
662 664 
818 824 
507 
532 
584 
187 
332 
554 
534 535 
962 
832 833 
541 
720 721 
545 547 
40 44 
540 
161 162 
311 
932 934 
439 
546 
333 
755 
583 585 
531 
593 
574 
561 
556 
575 
569 
596 
226 227 
939 
568 571 
559 
594 
98 
123 124 
197 
369 
595 598 
577 578 
555 
589 590 
910 911 
631 632 
880 
220 
256 257 
6 8 
166 
757 
601 603 
570 
303 
591 
45 
592 
607 608 
623 
183 185 
611 
610 
3 
660 661 
637 643 
633 634 
576 
309 
642 
68 69 
679 
216 
730 
648 
671 
283 
334 
235 
33 
100 
639 
627 
680 
616 
650 
4 
718 
647 
656 
724 
649 
686 689 
688 
702 
658 
921 
726 731 
645 
665 666 
276 
621 
678 
655 
706 
667 
629 
684 685 
775 
420 
745 
749 750 
765 769 
70 
682 
691 
669 
808 810 
687 
860 
212 
148 
407 408 
701 703 
736 
657 659 
770 773 
681 683 
549 
14 
48 
672 
788 789 
694 
785 
723 
777 
893 
846 847 
692 
729 
831 
209 
710 711 
980 981 
708 
690 
716 717 
707 
784 
821 
866 868 
754 
728 
142 
762 763 
733 
727 
804 
501 503 
725 
109 
771 
743 
792 
746 
865 
797 798 
850 
23 
751 752 
306 307 
952 953 
738 
786 
827 
848 
978 
898 901 
734 
964 
942 
747 
863 
756 
787 
907 
213 
268 
778 
551 
802 
319 
977 979 
767 
947 949 
829 
776 
460 
867 
526 
772 
764 
230 
805 806 
803 
782 783 
136 
768 
900 
349 
342 
967 968 
969 
972 
654 
480 
188 190 
891 892 
780 
905 
774 781 
809 
791 
931 
742 
255 
265 
790 
916 918 
908 
851 
973 974 
954 
830 
83 
815 
16 
849 
820 
836 
819 
879 881 
845 
557 
84 85 
816 817 
78 
825 828 
10 12 
944 
50 
887 
274 
894 897 
843 
990 991 
852 
982 984 
889 
859 
842 
936 
839 
895 
902 903 
864 
869 
906 
987 
963 
890 
722 
913 
381 
761 
110 
870 
992 
994 
379 
176 
877 
346 
922 
89 
705 709 
878 
560 
739 
453 
875 
927 928 
194 
882 883 
444 445 
210 
986 
741 
278 
888 
929 930 
917 
822 
9 
177 
933 
941 943 
63 
914 
896 
748 
886 
287 
239 
961 965 
11 
626 
945 946 
693 
107 
904 909 
326 
308 
951 
956 957 
732 
959 
950 
926 
315 
935 
938 
925 
184 
42 
874 
811 
699 700 
766 
812 
998 
955 
613 
473 
500 
807 
948 
56 
374 
325 
844 
975 
970 
486 
380 
431 
186 
514 
996 999 
646 
316 
81 
997 
983 
232 
164 
971 
293 
354 
86 88 
640 
713 
29 
976 
192 
174 
135 
282 
397 
989 
440 
122 
854 
483 
966 
396 
599 600 
