1001
0 1 
884 885 
362 363 
922 923 
1140 1141 
666 667 
1518 1519 
706 707 
380 381 
1504 1505 
356 357 
668 669 
30 31 
580 581 
196 197 
208 209 
388 389 
738 739 
390 391 
882 883 
482 483 
162 163 
534 535 
1284 1285 
586 587 
606 607 
418 419 
1950 1951 
538 539 
638 639 
150 151 
962 963 
780 781 
998 999 
336 337 
1038 1039 
1094 1095 
1142 1143 
1156 1157 
1170 1171 
280 281 
1658 1659 
1780 1781 
1506 1507 
1508 1509 
1582 1583 
1736 1737 
56 57 
1084 1085 
188 189 
178 179 
634 635 
1194 1195 
302 303 
650 651 
1276 1277 
136 137 
310 311 
1732 1733 
64 65 
794 795 
478 479 
616 617 
846 847 
680 681 
454 455 
866 867 
522 523 
1242 1243 
364 365 
1252 1253 
938 939 
598 599 
968 969 
72 73 
1710 1711 
1770 1771 
1444 1445 
1022 1023 
1550 1551 
568 569 
110 111 
1768 1769 
1068 1069 
1614 1615 
1078 1079 
426 427 
908 909 
16 17 
54 55 
1106 1107 
874 875 
966 967 
6 7 
1104 1105 
970 971 
182 183 
1132 1133 
1176 1177 
1206 1207 
1188 1189 
1190 1191 
1158 1159 
222 223 
590 591 
1282 1283 
1214 1215 
1160 1161 
1396 1397 
1272 1273 
1424 1425 
1278 1279 
1326 1327 
166 167 
1344 1345 
1498 1499 
1370 1371 
1426 1427 
1794 1795 
92 93 
46 47 
1526 1527 
1576 1577 
1948 1949 
1688 1689 
1586 1587 
284 285 
286 287 
1606 1607 
822 823 
566 567 
1752 1753 
618 619 
246 247 
684 685 
578 579 
460 461 
1796 1797 
84 85 
1798 1799 
1818 1819 
1886 1887 
960 961 
254 255 
1970 1971 
1880 1881 
1088 1089 
530 531 
1964 1965 
982 983 
498 499 
1976 1977 
500 501 
2000 2001 
990 991 
790 791 
506 507 
74 75 
798 799 
1026 1027 
96 97 
1288 1289 
1374 1375 
1386 1387 
804 805 
1028 1029 
1416 1417 
808 809 
194 195 
1032 1033 
810 811 
1042 1043 
812 813 
378 379 
1082 1083 
814 815 
58 59 
298 299 
852 853 
1578 1579 
1184 1185 
38 39 
2 3 
878 879 
654 655 
880 881 
338 339 
1980 1981 
1230 1231 
1640 1641 
572 573 
920 921 
1672 1673 
98 99 
344 345 
158 159 
964 965 
346 347 
1414 1415 
1714 1715 
1348 1349 
1728 1729 
972 973 
42 43 
1786 1787 
980 981 
436 437 
1800 1801 
992 993 
690 691 
1856 1857 
22 23 
736 737 
1522 1523 
366 367 
702 703 
1030 1031 
1986 1987 
374 375 
1060 1061 
718 719 
1532 1533 
176 177 
1646 1647 
726 727 
1064 1065 
190 191 
1702 1703 
138 139 
768 769 
140 141 
1080 1081 
470 471 
60 61 
296 297 
860 861 
404 405 
936 937 
400 401 
1098 1099 
488 489 
160 161 
952 953 
422 423 
1122 1123 
926 927 
300 301 
312 313 
1066 1067 
224 225 
252 253 
1978 1979 
146 147 
930 931 
562 563 
100 101 
464 465 
1182 1183 
948 949 
76 77 
466 467 
1096 1097 
496 497 
214 215 
472 473 
1124 1125 
1020 1021 
1024 1025 
1200 1201 
536 537 
62 63 
512 513 
1718 1719 
1226 1227 
1236 1237 
26 27 
1472 1473 
1136 1137 
44 45 
1246 1247 
1254 1255 
430 431 
198 199 
234 235 
402 403 
1262 1263 
1266 1267 
50 51 
1152 1153 
494 495 
322 323 
1048 1049 
1292 1293 
532 533 
1056 1057 
1304 1305 
1058 1059 
510 511 
1174 1175 
1076 1077 
156 157 
528 529 
1228 1229 
180 181 
1354 1355 
304 305 
1260 1261 
546 547 
324 325 
334 335 
1378 1379 
306 307 
1398 1399 
1420 1421 
542 543 
1208 1209 
36 37 
332 333 
1298 1299 
1448 1449 
1358 1359 
1454 1455 
1466 1467 
396 397 
330 331 
1478 1479 
1376 1377 
1492 1493 
1500 1501 
350 351 
758 759 
946 947 
1542 1543 
1382 1383 
276 277 
692 693 
1544 1545 
1546 1547 
602 603 
642 643 
262 263 
1652 1653 
1772 1773 
78 79 
1922 1923 
582 583 
1602 1603 
70 71 
776 777 
1784 1785 
1858 1859 
1040 1041 
1300 1301 
770 771 
1138 1139 
1604 1605 
1204 1205 
34 35 
1608 1609 
202 203 
170 171 
840 841 
1114 1115 
1440 1441 
672 673 
1460 1461 
1618 1619 
1496 1497 
1638 1639 
1302 1303 
1642 1643 
1528 1529 
604 605 
1674 1675 
1320 1321 
674 675 
1552 1553 
1556 1557 
32 33 
1562 1563 
1726 1727 
1694 1695 
694 695 
132 133 
844 845 
1696 1697 
1360 1361 
274 275 
1036 1037 
1698 1699 
1622 1623 
1364 1365 
1052 1053 
1712 1713 
1626 1627 
1090 1091 
1716 1717 
220 221 
514 515 
1724 1725 
1632 1633 
1418 1419 
200 201 
12 13 
746 747 
230 231 
86 87 
272 273 
1430 1431 
762 763 
608 609 
1434 1435 
1708 1709 
218 219 
210 211 
1450 1451 
1482 1483 
360 361 
212 213 
1570 1571 
192 193 
1722 1723 
1744 1745 
1804 1805 
778 779 
838 839 
1774 1775 
1808 1809 
782 783 
352 353 
796 797 
242 243 
1788 1789 
24 25 
806 807 
1826 1827 
1802 1803 
1536 1537 
800 801 
1828 1829 
1558 1559 
626 627 
1816 1817 
1830 1831 
1612 1613 
1848 1849 
1840 1841 
1888 1889 
1620 1621 
1850 1851 
1908 1909 
1624 1625 
260 261 
184 185 
820 821 
994 995 
1926 1927 
1684 1685 
1878 1879 
1944 1945 
714 715 
1220 1221 
1920 1921 
872 873 
438 439 
842 843 
452 453 
392 393 
716 717 
722 723 
432 433 
894 895 
314 315 
1984 1985 
902 903 
88 89 
1988 1989 
1994 1995 
462 463 
1740 1741 
1316 1317 
1754 1755 
1322 1323 
912 913 
1776 1777 
1996 1997 
1186 1187 
750 751 
1820 1821 
1372 1373 
264 265 
1866 1867 
1388 1389 
1148 1149 
292 293 
954 955 
1150 1151 
1222 1223 
1164 1165 
328 329 
1904 1905 
950 951 
890 891 
1258 1259 
906 907 
1410 1411 
8 9 
1172 1173 
458 459 
278 279 
1216 1217 
1946 1947 
1422 1423 
1070 1071 
744 745 
1218 1219 
134 135 
1958 1959 
186 187 
1224 1225 
398 399 
1966 1967 
1244 1245 
646 647 
916 917 
240 241 
1250 1251 
1234 1235 
1560 1561 
476 477 
348 349 
764 765 
1972 1973 
628 629 
700 701 
774 775 
144 145 
708 709 
1306 1307 
1574 1575 
1264 1265 
712 713 
1594 1595 
1274 1275 
1312 1313 
52 53 
382 383 
1290 1291 
1092 1093 
1314 1315 
354 355 
358 359 
1340 1341 
832 833 
1296 1297 
1690 1691 
550 551 
730 731 
892 893 
1336 1337 
756 757 
676 677 
1350 1351 
1352 1353 
1590 1591 
818 819 
1334 1335 
174 175 
766 767 
248 249 
520 521 
1338 1339 
1366 1367 
904 905 
1362 1363 
1342 1343 
1368 1369 
600 601 
370 371 
1394 1395 
772 773 
1168 1169 
28 29 
372 373 
1102 1103 
80 81 
1854 1855 
816 817 
172 173 
836 837 
1406 1407 
1384 1385 
918 919 
1390 1391 
924 925 
1408 1409 
1392 1393 
90 91 
1412 1413 
1742 1743 
1400 1401 
1404 1405 
788 789 
748 749 
544 545 
1428 1429 
266 267 
1436 1437 
696 697 
1432 1433 
850 851 
1868 1869 
944 945 
928 929 
864 865 
710 711 
122 123 
1452 1453 
612 613 
342 343 
792 793 
1456 1457 
1046 1047 
870 871 
1462 1463 
1912 1913 
802 803 
206 207 
1490 1491 
1486 1487 
1474 1475 
1916 1917 
1502 1503 
1488 1489 
4 5 
652 653 
1924 1925 
1494 1495 
94 95 
508 509 
1514 1515 
112 113 
610 611 
978 979 
420 421 
232 233 
934 935 
1956 1957 
1530 1531 
1960 1961 
104 105 
1540 1541 
656 657 
1566 1567 
428 429 
640 641 
594 595 
1568 1569 
116 117 
1572 1573 
614 615 
1286 1287 
1034 1035 
1588 1589 
824 825 
958 959 
1596 1597 
1012 1013 
828 829 
630 631 
1592 1593 
142 143 
784 785 
658 659 
664 665 
848 849 
1120 1121 
632 633 
1318 1319 
238 239 
414 415 
1706 1707 
976 977 
256 257 
1628 1629 
282 283 
854 855 
1634 1635 
858 859 
1008 1009 
988 989 
862 863 
1644 1645 
1650 1651 
386 387 
1654 1655 
424 425 
1656 1657 
720 721 
10 11 
1000 1001 
228 229 
440 441 
1668 1669 
120 121 
1692 1693 
1666 1667 
688 689 
1686 1687 
1014 1015 
1862 1863 
502 503 
1108 1109 
868 869 
216 217 
1044 1045 
1680 1681 
1232 1233 
20 21 
164 165 
1682 1683 
1778 1779 
102 103 
152 153 
1730 1731 
588 589 
448 449 
1756 1757 
14 15 
486 487 
456 457 
504 505 
1676 1677 
290 291 
294 295 
1738 1739 
898 899 
118 119 
728 729 
662 663 
1700 1701 
1792 1793 
1750 1751 
1938 1939 
1704 1705 
974 975 
1054 1055 
734 735 
1766 1767 
1442 1443 
1356 1357 
250 251 
408 409 
268 269 
1116 1117 
406 407 
1758 1759 
1812 1813 
1764 1765 
940 941 
154 155 
258 259 
236 237 
1468 1469 
168 169 
1112 1113 
1166 1167 
742 743 
1118 1119 
394 395 
942 943 
270 271 
1842 1843 
1898 1899 
1210 1211 
474 475 
1852 1853 
1906 1907 
1002 1003 
480 481 
1870 1871 
1512 1513 
518 519 
1810 1811 
320 321 
984 985 
1910 1911 
1838 1839 
1198 1199 
1928 1929 
1930 1931 
1006 1007 
686 687 
1824 1825 
82 83 
660 661 
570 571 
786 787 
1018 1019 
1882 1883 
1524 1525 
1890 1891 
1974 1975 
376 377 
1884 1885 
434 435 
526 527 
1086 1087 
1538 1539 
914 915 
592 593 
1846 1847 
40 41 
1834 1835 
1874 1875 
308 309 
1062 1063 
516 517 
1268 1269 
492 493 
130 131 
1100 1101 
1872 1873 
1072 1073 
1892 1893 
1936 1937 
416 417 
1074 1075 
1212 1213 
1876 1877 
1894 1895 
1548 1549 
124 125 
1280 1281 
368 369 
1610 1611 
554 555 
1968 1969 
1918 1919 
1128 1129 
468 469 
900 901 
1896 1897 
1248 1249 
1126 1127 
1720 1721 
490 491 
1914 1915 
704 705 
316 317 
1270 1271 
442 443 
556 557 
1256 1257 
340 341 
1990 1991 
1934 1935 
636 637 
1940 1941 
1192 1193 
444 445 
1982 1983 
560 561 
1464 1465 
1992 1993 
1762 1763 
1134 1135 
576 577 
1294 1295 
1760 1761 
1130 1131 
108 109 
1310 1311 
752 753 
1110 1111 
584 585 
1630 1631 
996 997 
384 385 
596 597 
1564 1565 
540 541 
834 835 
830 831 
1782 1783 
1814 1815 
66 67 
484 485 
524 525 
1510 1511 
644 645 
1144 1145 
1660 1661 
910 911 
1332 1333 
1516 1517 
1584 1585 
1806 1807 
888 889 
552 553 
1844 1845 
1822 1823 
1534 1535 
826 827 
876 877 
678 679 
622 623 
956 957 
1004 1005 
1832 1833 
1836 1837 
1554 1555 
1600 1601 
1328 1329 
148 149 
564 565 
1178 1179 
1238 1239 
670 671 
1670 1671 
1480 1481 
48 49 
412 413 
1678 1679 
1196 1197 
856 857 
724 725 
1330 1331 
1954 1955 
896 897 
226 227 
1154 1155 
624 625 
1010 1011 
986 987 
1346 1347 
1324 1325 
126 127 
244 245 
1402 1403 
1580 1581 
410 411 
732 733 
1902 1903 
1598 1599 
1180 1181 
1864 1865 
1438 1439 
1636 1637 
1016 1017 
1202 1203 
1900 1901 
760 761 
1790 1791 
1664 1665 
1932 1933 
620 621 
288 289 
1162 1163 
450 451 
1952 1953 
1240 1241 
1380 1381 
740 741 
1476 1477 
326 327 
1942 1943 
114 115 
1458 1459 
1962 1963 
1050 1051 
1734 1735 
204 205 
1648 1649 
1860 1861 
682 683 
318 319 
68 69 
574 575 
932 933 
1446 1447 
558 559 
1616 1617 
698 699 
886 887 
1746 1747 
1470 1471 
1146 1147 
1748 1749 
1662 1663 
1308 1309 
548 549 
1998 1999 
446 447 
1484 1485 
648 649 
754 755 
106 107 
1520 1521 
128 129 
18 19 
