1001
0 
64 66 
10 12 
38 42 
15 16 
976 980 
67 68 
73 
34 36 
1321 1322 
7 8 
844 846 
35 
91 92 
24 25 
30 31 
96 97 
102 103 
49 50 
32 33 
44 
88 90 
657 659 
123 125 
1152 1153 
132 133 
134 
11 
1278 1280 
60 
51 
58 59 
98 99 
138 139 
140 141 
43 
81 83 
19 
69 
84 85 
260 262 
89 
332 333 
23 
112 
374 375 
163 166 
167 
274 275 
72 74 
46 47 
17 18 
151 153 
147 148 
177 179 
208 
359 360 
200 201 
5 6 
211 214 
65 
39 
183 
161 162 
235 
104 105 
234 236 
454 458 
82 
124 
114 
397 398 
29 
28 
122 
136 137 
54 
45 
527 
241 242 
1 3 
135 
160 
149 150 
156 157 
53 
206 207 
119 
63 
40 
76 78 
533 535 
145 
174 175 
251 
4 
246 247 
155 
610 
178 
169 
55 
267 272 
158 159 
9 
37 
644 
180 
126 
186 
287 288 
106 107 
184 
168 
185 187 
188 190 
189 
182 
181 
255 256 
197 
273 
662 663 
227 228 
194 195 
204 
297 299 
668 670 
301 303 
215 218 
213 
164 
312 314 
686 688 
216 
221 
722 
277 280 
237 238 
222 223 
199 
224 225 
93 
152 
315 316 
226 
232 233 
239 240 
250 252 
116 117 
75 
108 
248 
811 812 
230 
243 244 
325 326 
249 
109 111 
245 
257 259 
893 894 
281 283 
268 
192 193 
306 307 
258 
352 
196 198 
261 
279 
271 
70 71 
342 345 
294 
276 
370 
919 920 
308 309 
203 205 
263 264 
286 
284 
295 296 
304 
285 
929 931 
298 
952 953 
129 130 
293 
302 
330 
310 311 
291 292 
320 321 
265 266 
313 
300 
269 
317 319 
329 
354 355 
322 323 
960 
338 339 
324 
113 115 
327 331 
328 
405 
86 87 
172 173 
336 337 
191 
385 387 
340 
341 
388 389 
344 
974 975 
94 95 
356 357 
423 424 
376 377 
349 350 
348 
22 
79 80 
351 353 
52 57 
362 363 
390 391 
372 373 
981 983 
380 382 
399 400 
411 413 
347 
343 
278 
393 395 
417 418 
427 429 
392 
381 
358 
401 402 
425 426 
403 
406 407 
437 439 
412 
366 
1012 1013 
432 433 
404 
440 441 
442 443 
419 420 
414 415 
438 
408 410 
1036 
1092 1093 
396 
416 
428 
421 
434 436 
368 369 
444 
448 449 
463 464 
142 
445 
455 
365 
447 
471 472 
451 
435 
453 
469 
120 121 
473 
450 452 
479 480 
430 
459 
466 
489 490 
465 467 
521 
498 
1150 1151 
460 461 
476 
422 
501 502 
456 
431 
481 482 
470 
1174 
493 494 
522 523 
505 
483 484 
495 496 
487 
485 488 
530 
491 492 
519 520 
529 532 
563 564 
170 171 
566 
1310 1311 
500 
457 
503 
515 516 
510 511 
504 506 
1315 1316 
512 513 
517 518 
509 
536 537 
524 525 
41 
538 539 
546 547 
571 
549 
394 
531 
553 
548 550 
1389 
573 576 
534 
540 541 
526 528 
544 545 
577 579 
555 
210 
589 
599 600 
462 
557 558 
583 
1423 1424 
641 642 
1443 1444 
556 
580 581 
572 
561 
567 
585 587 
591 594 
477 478 
578 
568 
643 645 
1460 
565 570 
586 
602 605 
612 
118 
582 584 
588 590 
655 656 
371 
592 
646 647 
611 614 
608 609 
613 
615 616 
596 
617 618 
1469 1470 
604 
598 
560 562 
624 626 
601 
575 
569 
217 
660 661 
664 665 
154 
676 
630 631 
648 649 
671 673 
633 
542 543 
632 635 
595 597 
679 680 
637 638 
650 652 
701 703 
658 
639 640 
666 667 
716 717 
627 629 
127 128 
628 
621 
721 723 
636 
669 
653 
625 
13 14 
672 
654 
674 675 
689 690 
693 694 
681 
682 
651 
691 692 
696 
710 711 
683 
622 623 
619 620 
704 
209 
677 678 
712 713 
698 699 
728 730 
714 
468 
144 146 
684 685 
702 
718 720 
705 
746 
724 725 
756 757 
695 697 
708 709 
219 220 
202 
229 
738 739 
715 
706 707 
740 741 
700 
334 335 
719 
736 737 
734 735 
748 
758 759 
769 
729 
749 750 
745 
752 753 
754 755 
771 772 
765 
760 761 
742 743 
775 
731 732 
751 
762 
766 
768 770 
763 764 
889 890 
778 
774 
780 781 
779 
787 788 
253 254 
813 814 
804 805 
801 
789 
795 
815 816 
824 826 
841 843 
794 798 
807 
785 
797 
808 
791 792 
825 
806 810 
782 783 
880 885 
409 
803 
799 
830 
817 
842 
790 
821 
364 367 
793 
809 
800 
831 832 
833 835 
820 823 
827 829 
819 
881 
733 
837 838 
845 
850 
864 
776 777 
847 848 
834 
839 840 
849 851 
855 857 
822 
231 
858 859 
853 
878 
921 922 
865 866 
165 
902 903 
862 
867 868 
860 861 
896 
871 872 
836 
856 
863 
873 
796 
869 
870 
906 907 
887 888 
876 
784 786 
270 
938 939 
727 
852 854 
875 
305 
877 
923 924 
936 937 
886 
895 898 
884 
891 892 
882 
911 914 
905 
897 
956 
941 942 
949 951 
913 
899 901 
916 
926 
773 
912 
945 946 
904 
21 
925 
915 917 
909 
967 968 
958 963 
282 
943 944 
927 928 
932 
289 290 
933 
934 935 
982 
874 879 
948 
930 
908 910 
950 
954 
964 965 
955 957 
818 
940 
959 
966 
802 
961 
918 
969 971 
767 
985 
378 379 
977 
972 973 
988 990 
346 
361 
947 
994 995 
26 27 
986 
1003 1006 
984 987 
593 
962 
996 
992 
1016 1017 
999 1000 
991 993 
1005 
989 
1001 1002 
131 
1007 
1004 
386 
100 
1034 1035 
1048 1050 
1042 1044 
1019 1020 
1014 1015 
2 
1028 1029 
1059 
978 
1010 1011 
1046 1047 
1031 1032 
1075 
1038 1040 
1033 
1022 
1024 1025 
110 
979 
1041 
1037 
1039 
1052 1053 
634 
1045 
1018 
1049 
997 998 
318 
1057 
1068 1069 
1026 
1061 
1051 
1008 1009 
1094 
1043 
1072 
1054 1055 
1058 1060 
1064 1065 
212 
1066 1067 
1021 1023 
1056 
1076 1079 
1070 
1080 1081 
1160 1163 
143 
1062 1063 
1073 
1082 1083 
1078 
1071 1074 
1100 
1030 
1087 1088 
1090 
1084 
1089 1091 
1095 1096 
1077 
1086 
1129 
1101 
1098 
1097 
1103 1104 
1191 1192 
1085 
1105 1107 
1108 1109 
1131 1132 
1106 
1117 
1121 1122 
1110 1111 
1119 1120 
1114 1115 
1123 1124 
1113 
1116 1118 
1126 1127 
446 
1220 1221 
1137 
1135 1136 
1139 1140 
1112 
1138 
1133 1134 
1141 
1128 1130 
1142 
1146 
1145 
1143 1148 
1144 
1147 
1228 1230 
1164 1165 
1154 
1167 1168 
1149 
474 475 
1161 
1155 1156 
1158 1159 
1157 
486 
1162 
1166 
1257 1258 
1170 1171 
1173 
1169 
1183 
1172 1176 
1180 
1188 
1175 
1177 1178 
1182 
1181 1185 
1187 
1274 
1206 
1193 1194 
1179 
1190 
1200 
1186 1189 
1204 1205 
1195 1196 
1184 
1201 
1198 
1202 
383 384 
1199 1203 
1273 1276 
1210 1211 
1216 1217 
1212 1213 
1207 
1208 1209 
1225 
1218 1219 
1222 1223 
1224 1227 
1229 
1234 1235 
1286 1287 
1233 
1231 1232 
1242 
1236 1237 
1239 
1197 
1241 1245 
1240 
1238 
1244 
1243 
1252 
176 
1249 
1259 1261 
1264 
1247 
1248 1250 
1251 
1253 1255 
1254 
1099 1102 
1256 
1260 
1262 1263 
1265 1266 
1269 1270 
1268 
1267 
1279 
1214 1215 
1277 
1271 1272 
1283 
507 508 
1246 
1298 1299 
1288 1291 
1284 
1289 
1281 1285 
1125 
1294 1295 
1282 
1293 
1296 
1292 
1297 
1301 
1290 
1300 1302 
1304 1305 
1306 1308 
1312 1313 
1309 
1307 
744 747 
514 
1314 
1323 
497 499 
1317 1318 
1324 1326 
1325 
1329 1330 
1319 1320 
1275 
1343 
1303 
1346 
1327 1328 
1335 1336 
1332 
1337 1339 
1331 
1344 1345 
1333 1334 
1361 
1342 
1347 1348 
1349 1350 
1351 1352 
1358 1359 
1338 
1353 
1354 1355 
1356 1357 
1371 1374 
1364 1366 
1340 1341 
1369 1370 
1373 
1362 1363 
1367 1368 
1365 
1360 
1375 1376 
1372 
1379 1380 
1384 1385 
1377 1378 
1396 1399 
1381 1382 
1383 
1391 
1388 
1416 1417 
1394 1395 
1398 
61 62 
1397 
1404 1406 
1386 
1401 1403 
1412 
1409 
1400 
1405 
1387 
1407 1408 
1402 
1436 1437 
1410 
1392 1393 
1390 
1413 
1418 1419 
1414 
1420 
551 552 
1421 1422 
554 
1429 
1447 
1415 
1431 1432 
1425 
1427 
1455 1456 
1433 1435 
1426 1428 
1434 
1449 1451 
1439 
1440 
1450 
1452 
1438 1441 
1448 
574 
1442 
1464 1465 
1466 1467 
1446 
1457 
1454 
1459 
1471 1472 
1458 1461 
1482 1483 
1453 
1488 1489 
1480 1481 
1474 
1484 1485 
606 607 
1462 
1473 
1411 
77 
1477 1479 
1478 
1475 1476 
1226 
1486 1487 
726 
1445 
1463 
970 
1491 
603 
687 
1027 
559 
48 
900 
883 
828 
101 
56 
20 
1430 
1468 
